#wavelengths (mu)	size parameter  	extinction cross section (cm^2)  	scattering cross section (cm^2)  	absorption cross section (cm^2)  	single scattering albedo         	asymmetry parameter              
4.2030000000e-02	1.4949286955e+03	6.3230336336e-06                 	3.7216107144e-06                 	2.6014229192e-06                 	5.8857993332e-01                 	9.3407376153e-01                 
4.3050000000e-02	1.4595087822e+03	6.3238877163e-06                 	3.7434247712e-06                 	2.5804629451e-06                 	5.9194991106e-01                 	9.2986422962e-01                 
4.3970000000e-02	1.4289709591e+03	6.3247641369e-06                 	3.7885417738e-06                 	2.5362223631e-06                 	5.9900127369e-01                 	9.2190759233e-01                 
4.4920000000e-02	1.3987500684e+03	6.3257952817e-06                 	3.8316014309e-06                 	2.4941938508e-06                 	6.0571062772e-01                 	9.1309412974e-01                 
4.5920000000e-02	1.3682894833e+03	6.3266003912e-06                 	3.8535398840e-06                 	2.4730605072e-06                 	6.0910119902e-01                 	9.0860552816e-01                 
4.6960000000e-02	1.3379866497e+03	6.3275672030e-06                 	3.8743330976e-06                 	2.4532341054e-06                 	6.1229426307e-01                 	9.0332197975e-01                 
4.8060000000e-02	1.3073627356e+03	6.3286967816e-06                 	3.8963195858e-06                 	2.4323771958e-06                 	6.1565907173e-01                 	8.9694221651e-01                 
4.9010000000e-02	1.2820210788e+03	6.3296356970e-06                 	3.9415228875e-06                 	2.3881128095e-06                 	6.2270927999e-01                 	8.8746018744e-01                 
4.9990000000e-02	1.2568884391e+03	6.3306092495e-06                 	3.9457961831e-06                 	2.3848130664e-06                 	6.2328853790e-01                 	8.8423641434e-01                 
5.1020000000e-02	1.2315141723e+03	6.3316489251e-06                 	3.9739445581e-06                 	2.3577043669e-06                 	6.2763185470e-01                 	8.7693007912e-01                 
5.1880000000e-02	1.2110997123e+03	6.3326428124e-06                 	3.9686032790e-06                 	2.3640395334e-06                 	6.2668989813e-01                 	8.7487817312e-01                 
5.2990000000e-02	1.1857303844e+03	6.3335622786e-06                 	3.9780068422e-06                 	2.3555554364e-06                 	6.2808363875e-01                 	8.7184369639e-01                 
5.3910000000e-02	1.1654953269e+03	6.3344781760e-06                 	3.9757217289e-06                 	2.3587564471e-06                 	6.2763208246e-01                 	8.7022038512e-01                 
5.5100000000e-02	1.1403240122e+03	6.3354359505e-06                 	3.9706695357e-06                 	2.3647664147e-06                 	6.2673974873e-01                 	8.6988060637e-01                 
5.6100000000e-02	1.1199973810e+03	6.3362859118e-06                 	3.9672170082e-06                 	2.3690689036e-06                 	6.2611079479e-01                 	8.6927184817e-01                 
5.6870000000e-02	1.1048330064e+03	6.3370030465e-06                 	3.9651745454e-06                 	2.3718285011e-06                 	6.2571763281e-01                 	8.6842055360e-01                 
5.7940000000e-02	1.0844296353e+03	6.3379051834e-06                 	3.9646385752e-06                 	2.3732666082e-06                 	6.2554400239e-01                 	8.6735867971e-01                 
5.9040000000e-02	1.0642251537e+03	6.3388295165e-06                 	3.9653413117e-06                 	2.3734882047e-06                 	6.2556364727e-01                 	8.6610432836e-01                 
5.9900000000e-02	1.0489457942e+03	6.3396061198e-06                 	3.9808928982e-06                 	2.3587132215e-06                 	6.2794009959e-01                 	8.6217987675e-01                 
6.1080000000e-02	1.0286812880e+03	6.3405824758e-06                 	3.9832117398e-06                 	2.3573707360e-06                 	6.2820912038e-01                 	8.6069122706e-01                 
6.1990000000e-02	1.0135804657e+03	6.3414110208e-06                 	3.9734613057e-06                 	2.3679497151e-06                 	6.2658945977e-01                 	8.6136872108e-01                 
6.2940000000e-02	9.9828174566e+02	6.3421275719e-06                 	3.9695967005e-06                 	2.3725308714e-06                 	6.2590931127e-01                 	8.6157897837e-01                 
6.3910000000e-02	9.8313023113e+02	6.3430053318e-06                 	3.9628887274e-06                 	2.3801166044e-06                 	6.2476515785e-01                 	8.6173676826e-01                 
6.4910000000e-02	9.6798417920e+02	6.3437792451e-06                 	3.9493919385e-06                 	2.3943873066e-06                 	6.2256137641e-01                 	8.6367994004e-01                 
6.5950000000e-02	9.5271953104e+02	6.3444282327e-06                 	3.9391116220e-06                 	2.4053166107e-06                 	6.2087732377e-01                 	8.6560815871e-01                 
6.7020000000e-02	9.3750899839e+02	6.3452268203e-06                 	3.9377758692e-06                 	2.4074509511e-06                 	6.2058866936e-01                 	8.6537982752e-01                 
6.8120000000e-02	9.2237012730e+02	6.3460444544e-06                 	3.9368250576e-06                 	2.4092193968e-06                 	6.2035888433e-01                 	8.6508709128e-01                 
6.8880000000e-02	9.1219298885e+02	6.3465562851e-06                 	3.9178489040e-06                 	2.4287073811e-06                 	6.1731886207e-01                 	8.6851128010e-01                 
7.0050000000e-02	8.9695721730e+02	6.3473875524e-06                 	3.9270858318e-06                 	2.4203017206e-06                 	6.1869324969e-01                 	8.6642165737e-01                 
7.0850000000e-02	8.8682926001e+02	6.3480295012e-06                 	3.9269835128e-06                 	2.4210459885e-06                 	6.1861456567e-01                 	8.6595059062e-01                 
7.2080000000e-02	8.7169607480e+02	6.3487922668e-06                 	3.9185697474e-06                 	2.4302225194e-06                 	6.1721498873e-01                 	8.6753536548e-01                 
7.2930000000e-02	8.6153644689e+02	6.3494662161e-06                 	3.9190670571e-06                 	2.4303991590e-06                 	6.1722779895e-01                 	8.6695995810e-01                 
7.3800000000e-02	8.5138012292e+02	6.3501168535e-06                 	3.9282437899e-06                 	2.4218730636e-06                 	6.1860968555e-01                 	8.6486888561e-01                 
7.5140000000e-02	8.3619713963e+02	6.3510805425e-06                 	3.9292337566e-06                 	2.4218467859e-06                 	6.1867169378e-01                 	8.6425385267e-01                 
7.6060000000e-02	8.2608273826e+02	6.3517972099e-06                 	3.9303112827e-06                 	2.4214859272e-06                 	6.1877153077e-01                 	8.6358899046e-01                 
7.7010000000e-02	8.1589213182e+02	6.3524937772e-06                 	3.9395488050e-06                 	2.4129449721e-06                 	6.2015783773e-01                 	8.6150707025e-01                 
7.8970000000e-02	7.9564205485e+02	6.3540398871e-06                 	3.9350299886e-06                 	2.4190098985e-06                 	6.1929576435e-01                 	8.6135264219e-01                 
7.9990000000e-02	7.8549635044e+02	6.3548180526e-06                 	3.9370558375e-06                 	2.4177622151e-06                 	6.1953871927e-01                 	8.6053422847e-01                 
8.1040000000e-02	7.7531901619e+02	6.3554768775e-06                 	3.9304688966e-06                 	2.4250079809e-06                 	6.1843807669e-01                 	8.6174887692e-01                 
8.3210000000e-02	7.5509978454e+02	6.3571572228e-06                 	3.9291530683e-06                 	2.4280041544e-06                 	6.1806762530e-01                 	8.6102335856e-01                 
8.3770000000e-02	7.5005196457e+02	6.3575314785e-06                 	3.9231873454e-06                 	2.4343441331e-06                 	6.1709286988e-01                 	8.6207271993e-01                 
8.4920000000e-02	7.3989464286e+02	6.3582997628e-06                 	3.9118771252e-06                 	2.4464226376e-06                 	6.1523949345e-01                 	8.6405047183e-01                 
8.6700000000e-02	7.2470418768e+02	6.3594895693e-06                 	3.8964051073e-06                 	2.4630844620e-06                 	6.1269148488e-01                 	8.6672341173e-01                 
8.9200000000e-02	7.0439297166e+02	6.3611010518e-06                 	3.8828818690e-06                 	2.4782191828e-06                 	6.1041034207e-01                 	8.6906510586e-01                 
8.9840000000e-02	6.9937503419e+02	6.3615273191e-06                 	3.8786605962e-06                 	2.4828667229e-06                 	6.0970587748e-01                 	8.6977123719e-01                 
9.1840000000e-02	6.8414474164e+02	6.3625163231e-06                 	3.8542690897e-06                 	2.5082472334e-06                 	6.0577747765e-01                 	8.7498474074e-01                 
9.3220000000e-02	6.7401687483e+02	6.3633646735e-06                 	3.8509019860e-06                 	2.5124626875e-06                 	6.0516757778e-01                 	8.7557355628e-01                 
9.4650000000e-02	6.6383362992e+02	6.3638848893e-06                 	3.8195477927e-06                 	2.5443370966e-06                 	6.0019121325e-01                 	8.8239128159e-01                 
9.6860000000e-02	6.4868731232e+02	6.3648297606e-06                 	3.8039060721e-06                 	2.5609236886e-06                 	5.9764458990e-01                 	8.8623987595e-01                 
9.9190000000e-02	6.3344947144e+02	6.3658147133e-06                 	3.7883191731e-06                 	2.5774955402e-06                 	5.9510358748e-01                 	8.9008124019e-01                 
1.0080000000e-01	6.2333187571e+02	6.3662975628e-06                 	3.7756146268e-06                 	2.5906829359e-06                 	5.9306285790e-01                 	8.9350086229e-01                 
1.0330000000e-01	6.0824639953e+02	6.3673883589e-06                 	3.7714392065e-06                 	2.5959491524e-06                 	5.9230550956e-01                 	8.9500339920e-01                 
1.0600000000e-01	5.9275333087e+02	6.3683708300e-06                 	3.7746923874e-06                 	2.5936784425e-06                 	5.9272496659e-01                 	8.9547184982e-01                 
1.0780000000e-01	5.8285577989e+02	6.3692165229e-06                 	3.7791904163e-06                 	2.5900261067e-06                 	5.9335247948e-01                 	8.9491595225e-01                 
1.0970000000e-01	5.7276073903e+02	6.3700148723e-06                 	3.7882585709e-06                 	2.5817563013e-06                 	5.9470168389e-01                 	8.9367385835e-01                 
1.1170000000e-01	5.6250539903e+02	6.3708575762e-06                 	3.7981921827e-06                 	2.5726653935e-06                 	5.9618224662e-01                 	8.9226791716e-01                 
1.1480000000e-01	5.4731579331e+02	6.3724519860e-06                 	3.8179928871e-06                 	2.5544590989e-06                 	5.9914031451e-01                 	8.8867233707e-01                 
1.1810000000e-01	5.3202246462e+02	6.3743566632e-06                 	3.8476159829e-06                 	2.5267406803e-06                 	6.0360851866e-01                 	8.8282597241e-01                 
1.2040000000e-01	5.2185924478e+02	6.3754233451e-06                 	3.8542948501e-06                 	2.5211284950e-06                 	6.0455512386e-01                 	8.8186908973e-01                 
1.2400000000e-01	5.0670849251e+02	6.3772647401e-06                 	3.8768553336e-06                 	2.5004094065e-06                 	6.0791820500e-01                 	8.7775022990e-01                 
1.2700000000e-01	4.9473900057e+02	6.3785065320e-06                 	3.8985963946e-06                 	2.4799101374e-06                 	6.1120834086e-01                 	8.7428337804e-01                 
1.3000000000e-01	4.8332194671e+02	6.3799866836e-06                 	3.9314837013e-06                 	2.4485029823e-06                 	6.1622130206e-01                 	8.6829913856e-01                 
1.3400000000e-01	4.6889442591e+02	6.3822831338e-06                 	4.0127262995e-06                 	2.3695568343e-06                 	6.2872896977e-01                 	8.5285854368e-01                 
1.3700000000e-01	4.5862666476e+02	6.3845567920e-06                 	4.0796939548e-06                 	2.3048628371e-06                 	6.3899407395e-01                 	8.3929534166e-01                 
1.3900000000e-01	4.5202771994e+02	6.3859213498e-06                 	4.1197323818e-06                 	2.2661889680e-06                 	6.4512732872e-01                 	8.3143515300e-01                 
1.4200000000e-01	4.4247783853e+02	6.3882277391e-06                 	4.1908004451e-06                 	2.1974272940e-06                 	6.5601926171e-01                 	8.1733600395e-01                 
1.4400000000e-01	4.3633231300e+02	6.3896127115e-06                 	4.2335162902e-06                 	2.1560964213e-06                 	6.6256226807e-01                 	8.0914126871e-01                 
1.4600000000e-01	4.3035515803e+02	6.3912485417e-06                 	4.2862742855e-06                 	2.1049742561e-06                 	6.7064741069e-01                 	7.9885203422e-01                 
1.4900000000e-01	4.2169028907e+02	6.3938677125e-06                 	4.3583659654e-06                 	2.0355017471e-06                 	6.8164781652e-01                 	7.8466941897e-01                 
1.5100000000e-01	4.1610498723e+02	6.3955506369e-06                 	4.3994228728e-06                 	1.9961277641e-06                 	6.8788805257e-01                 	7.7669774605e-01                 
1.5310000000e-01	4.1039747271e+02	6.3975016362e-06                 	4.4635342266e-06                 	1.9339674096e-06                 	6.9769958343e-01                 	7.6464269794e-01                 
1.5500000000e-01	4.0536679401e+02	6.3991487736e-06                 	4.5050961310e-06                 	1.8940526426e-06                 	7.0401490735e-01                 	7.5686295043e-01                 
1.5690000000e-01	4.0045795457e+02	6.4010749183e-06                 	4.5413407557e-06                 	1.8597341627e-06                 	7.0946533412e-01                 	7.4974399081e-01                 
1.5900000000e-01	3.9516888724e+02	6.4030821398e-06                 	4.5917066554e-06                 	1.8113754844e-06                 	7.1710881653e-01                 	7.4050331338e-01                 
1.6100000000e-01	3.9025995697e+02	6.4050787616e-06                 	4.6275385001e-06                 	1.7775402615e-06                 	7.2247956229e-01                 	7.3374673067e-01                 
1.6290000000e-01	3.8570812199e+02	6.4070057052e-06                 	4.6773644717e-06                 	1.7296412335e-06                 	7.3003906769e-01                 	7.2492237358e-01                 
1.6490000000e-01	3.8103003682e+02	6.4090552396e-06                 	4.6983113145e-06                 	1.7107439251e-06                 	7.3307393038e-01                 	7.2074477875e-01                 
1.6800000000e-01	3.7399912543e+02	6.4122235102e-06                 	4.7230871256e-06                 	1.6891363847e-06                 	7.3657556042e-01                 	7.1563577586e-01                 
1.7010000000e-01	3.6938185227e+02	6.4141132577e-06                 	4.7358652568e-06                 	1.6782480008e-06                 	7.3835073791e-01                 	7.1311280927e-01                 
1.7200000000e-01	3.6530147135e+02	6.4159080592e-06                 	4.7486577303e-06                 	1.6672503289e-06                 	7.4013805786e-01                 	7.1060469204e-01                 
1.7390000000e-01	3.6131025343e+02	6.4177139872e-06                 	4.7615165654e-06                 	1.6561974217e-06                 	7.4193343221e-01                 	7.0811815096e-01                 
1.7690000000e-01	3.5518288904e+02	6.4201577148e-06                 	4.7625150405e-06                 	1.6576426743e-06                 	7.4180654932e-01                 	7.0751049262e-01                 
1.7990000000e-01	3.4925988367e+02	6.4228784664e-06                 	4.7723635270e-06                 	1.6505149395e-06                 	7.4302566239e-01                 	7.0538057733e-01                 
1.8210000000e-01	3.4504037931e+02	6.4245670575e-06                 	4.8012355512e-06                 	1.6233315063e-06                 	7.4732437349e-01                 	7.0086058616e-01                 
1.8510000000e-01	3.3944815274e+02	6.4278899763e-06                 	4.8153995425e-06                 	1.6124904338e-06                 	7.4914156282e-01                 	6.9777075838e-01                 
1.8790000000e-01	3.3438985137e+02	6.4300349704e-06                 	4.8099661250e-06                 	1.6200688454e-06                 	7.4804665093e-01                 	6.9835786104e-01                 
1.9100000000e-01	3.2896258153e+02	6.4329022441e-06                 	4.8208688864e-06                 	1.6120333577e-06                 	7.4940807484e-01                 	6.9621247105e-01                 
1.9400000000e-01	3.2387553130e+02	6.4354944447e-06                 	4.8141871809e-06                 	1.6213072638e-06                 	7.4806795690e-01                 	6.9679848334e-01                 
1.9710000000e-01	3.1878159854e+02	6.4378805187e-06                 	4.8011220449e-06                 	1.6367584738e-06                 	7.4576128447e-01                 	6.9849859583e-01                 
2.0000000000e-01	3.1415926536e+02	6.4398203513e-06                 	4.8002693635e-06                 	1.6395509879e-06                 	7.4540423514e-01                 	6.9862966420e-01                 
2.0290000000e-01	3.0966906393e+02	6.4423985268e-06                 	4.7963116313e-06                 	1.6460868956e-06                 	7.4449160686e-01                 	6.9881047388e-01                 
2.0700000000e-01	3.0353552209e+02	6.4450565221e-06                 	4.7874949642e-06                 	1.6575615579e-06                 	7.4281659870e-01                 	7.0015476007e-01                 
2.1010000000e-01	2.9905689230e+02	6.4468554510e-06                 	4.7712983911e-06                 	1.6755570600e-06                 	7.4009700191e-01                 	7.0267524271e-01                 
2.1410000000e-01	2.9346965470e+02	6.4494252229e-06                 	4.7717619277e-06                 	1.6776632951e-06                 	7.3987398301e-01                 	7.0268075629e-01                 
2.1710000000e-01	2.8941433934e+02	6.4514091844e-06                 	4.7802978269e-06                 	1.6711113575e-06                 	7.4096956034e-01                 	7.0147171883e-01                 
2.2100000000e-01	2.8430702747e+02	6.4532123211e-06                 	4.7912136488e-06                 	1.6619986723e-06                 	7.4245405395e-01                 	7.0038287803e-01                 
2.2500000000e-01	2.7925268032e+02	6.4560411963e-06                 	4.8163046697e-06                 	1.6397365266e-06                 	7.4601516986e-01                 	6.9672444866e-01                 
2.3000000000e-01	2.7318196988e+02	6.4601046788e-06                 	4.8565111732e-06                 	1.6035935056e-06                 	7.5176973356e-01                 	6.9070960034e-01                 
2.3390000000e-01	2.6862699047e+02	6.4632111475e-06                 	4.9071166386e-06                 	1.5560945089e-06                 	7.5923817536e-01                 	6.8348925120e-01                 
2.3800000000e-01	2.6399938265e+02	6.4668129707e-06                 	4.9657405029e-06                 	1.5010724679e-06                 	7.6788064312e-01                 	6.7519004164e-01                 
2.4310000000e-01	2.5846093407e+02	6.4721676318e-06                 	5.0261420250e-06                 	1.4460256068e-06                 	7.7657785010e-01                 	6.6649910053e-01                 
2.4800000000e-01	2.5335424626e+02	6.4775357580e-06                 	5.0849266337e-06                 	1.3926091243e-06                 	7.8500942699e-01                 	6.5828624986e-01                 
2.5300000000e-01	2.4834724534e+02	6.4827569002e-06                 	5.1163749976e-06                 	1.3663819026e-06                 	7.8922826760e-01                 	6.5389204721e-01                 
2.5830000000e-01	2.4325146369e+02	6.4882501428e-06                 	5.1565793007e-06                 	1.3316708421e-06                 	7.9475655025e-01                 	6.4854326034e-01                 
2.6380000000e-01	2.3817988276e+02	6.4948168464e-06                 	5.2079328239e-06                 	1.2868840225e-06                 	8.0185984410e-01                 	6.4179516845e-01                 
2.6950000000e-01	2.3314231195e+02	6.5013030152e-06                 	5.2333668094e-06                 	1.2679362059e-06                 	8.0497198748e-01                 	6.3845044224e-01                 
2.7550000000e-01	2.2806480244e+02	6.5081432723e-06                 	5.2671964768e-06                 	1.2409467955e-06                 	8.0932398941e-01                 	6.3423597544e-01                 
2.8180000000e-01	2.2296612162e+02	6.5153717553e-06                 	5.3001411727e-06                 	1.2152305826e-06                 	8.1348254126e-01                 	6.3026376725e-01                 
2.8700000000e-01	2.1892631732e+02	6.5220900139e-06                 	5.3316747019e-06                 	1.1904153120e-06                 	8.1747947215e-01                 	6.2648818014e-01                 
2.9380000000e-01	2.1385926845e+02	6.5310375286e-06                 	5.3568685606e-06                 	1.1741689680e-06                 	8.2021708452e-01                 	6.2348405610e-01                 
3.0020000000e-01	2.0929997692e+02	6.5399259885e-06                 	5.3736756451e-06                 	1.1662503434e-06                 	8.2167224132e-01                 	6.2145696342e-01                 
3.0770000000e-01	2.0419841752e+02	6.5497763763e-06                 	5.3911513081e-06                 	1.1586250682e-06                 	8.2310463722e-01                 	6.1949520507e-01                 
3.1630000000e-01	1.9864638973e+02	6.5605942080e-06                 	5.4092199187e-06                 	1.1513742893e-06                 	8.2450152337e-01                 	6.1760598232e-01                 
3.2370000000e-01	1.9410519948e+02	6.5709934960e-06                 	5.4182053136e-06                 	1.1527881824e-06                 	8.2456409627e-01                 	6.1655964990e-01                 
3.3330000000e-01	1.8851441066e+02	6.5823164968e-06                 	5.4247539441e-06                 	1.1575625526e-06                 	8.2414055095e-01                 	6.1598429824e-01                 
3.4160000000e-01	1.8393399611e+02	6.5914291575e-06                 	5.4159569115e-06                 	1.1754722461e-06                 	8.2166655850e-01                 	6.1689995798e-01                 
3.5120000000e-01	1.7890618756e+02	6.6001457317e-06                 	5.4069864253e-06                 	1.1931593065e-06                 	8.1922227857e-01                 	6.1799687956e-01                 
3.6250000000e-01	1.7332924985e+02	6.6100203992e-06                 	5.4055951349e-06                 	1.2044252643e-06                 	8.1778796562e-01                 	6.1841823636e-01                 
3.7230000000e-01	1.6876672864e+02	6.6197961905e-06                 	5.4186643716e-06                 	1.2011318189e-06                 	8.1855456205e-01                 	6.1727601255e-01                 
3.8500000000e-01	1.6319961837e+02	6.6337964894e-06                 	5.4555361120e-06                 	1.1782603774e-06                 	8.2238520894e-01                 	6.1399014647e-01                 
3.9610000000e-01	1.5862623850e+02	6.6481810929e-06                 	5.4956709184e-06                 	1.1525101746e-06                 	8.2664278267e-01                 	6.1011980878e-01                 
4.0920000000e-01	1.5354802803e+02	6.6638922390e-06                 	5.5365286981e-06                 	1.1273635409e-06                 	8.3082506432e-01                 	6.0626518473e-01                 
4.2460000000e-01	1.4797892857e+02	6.6772365483e-06                 	5.5582226729e-06                 	1.1190138754e-06                 	8.3241362392e-01                 	6.0413471060e-01                 
4.3810000000e-01	1.4341897528e+02	6.6841582928e-06                 	5.5605564411e-06                 	1.1236018517e-06                 	8.3190077158e-01                 	6.0342076308e-01                 
4.5580000000e-01	1.3784961183e+02	6.6886153231e-06                 	5.5502908551e-06                 	1.1383244680e-06                 	8.2981164068e-01                 	6.0375782276e-01                 
4.7140000000e-01	1.3328776638e+02	6.6869580487e-06                 	5.5266187292e-06                 	1.1603393195e-06                 	8.2647725452e-01                 	6.0491455494e-01                 
4.9010000000e-01	1.2820210788e+02	6.6822145439e-06                 	5.4844914392e-06                 	1.1977231047e-06                 	8.2075955555e-01                 	6.0779161465e-01                 
5.1230000000e-01	1.2264659979e+02	6.6783353350e-06                 	5.4390173047e-06                 	1.2393180304e-06                 	8.1442710373e-01                 	6.1136615811e-01                 
5.3210000000e-01	1.1808279096e+02	6.6744413835e-06                 	5.3988146125e-06                 	1.2756267709e-06                 	8.0887887126e-01                 	6.1463230776e-01                 
5.5850000000e-01	1.1250107981e+02	6.6743325750e-06                 	5.3630147303e-06                 	1.3113178447e-06                 	8.0352824346e-01                 	6.1797545691e-01                 
5.8210000000e-01	1.0793996405e+02	6.6750068897e-06                 	5.3387894940e-06                 	1.3362173957e-06                 	7.9981782524e-01                 	6.2027054984e-01                 
6.1080000000e-01	1.0286812880e+02	6.6784314175e-06                 	5.3230546024e-06                 	1.3553768151e-06                 	7.9705162330e-01                 	6.2192997697e-01                 
7.0050000000e-01	8.9695721730e+01	6.6911863547e-06                 	5.3080808995e-06                 	1.3831054552e-06                 	7.9329443512e-01                 	6.2364564563e-01                 
8.1570000000e-01	7.7028139110e+01	6.7056650105e-06                 	5.2941153011e-06                 	1.4115497095e-06                 	7.8949892259e-01                 	6.2536457555e-01                 
8.2660000000e-01	7.6012403910e+01	6.7065830061e-06                 	5.2914967434e-06                 	1.4150862626e-06                 	7.8900041029e-01                 	6.2563283113e-01                 
8.4920000000e-01	7.3989464286e+01	6.7106084723e-06                 	5.2906731924e-06                 	1.4199352799e-06                 	7.8840439197e-01                 	6.2595081446e-01                 
8.6100000000e-01	7.2975439108e+01	6.7127512947e-06                 	5.2914467279e-06                 	1.4213045667e-06                 	7.8826795388e-01                 	6.2598288865e-01                 
8.8560000000e-01	7.0948343577e+01	6.7165929658e-06                 	5.2905470486e-06                 	1.4260459172e-06                 	7.8768314166e-01                 	6.2626407631e-01                 
9.1160000000e-01	6.8924805915e+01	6.7211418504e-06                 	5.2903259380e-06                 	1.4308159124e-06                 	7.8711713810e-01                 	6.2654992627e-01                 
9.3930000000e-01	6.6892210233e+01	6.7254524492e-06                 	5.2899974931e-06                 	1.4354549561e-06                 	7.8656380861e-01                 	6.2679871838e-01                 
9.6860000000e-01	6.4868731232e+01	6.7315145588e-06                 	5.2909914660e-06                 	1.4405230928e-06                 	7.8600312303e-01                 	6.2711520373e-01                 
9.9990000000e-01	6.2838136885e+01	6.7385087011e-06                 	5.2946711404e-06                 	1.4438375606e-06                 	7.8573336851e-01                 	6.2722209576e-01                 
1.0330000000e+00	6.0824639953e+01	6.7453226435e-06                 	5.3002766551e-06                 	1.4450459884e-06                 	7.8577066439e-01                 	6.2706432106e-01                 
1.0690000000e+00	5.8776289122e+01	6.7531516624e-06                 	5.3065073034e-06                 	1.4466443590e-06                 	7.8578233818e-01                 	6.2694118472e-01                 
1.1070000000e+00	5.6758674862e+01	6.7617906988e-06                 	5.3132541885e-06                 	1.4485365102e-06                 	7.8577619823e-01                 	6.2684878963e-01                 
1.1480000000e+00	5.4731579331e+01	6.7710374657e-06                 	5.3245096867e-06                 	1.4465277789e-06                 	7.8636541501e-01                 	6.2629572447e-01                 
1.1920000000e+00	5.2711286134e+01	6.7818021034e-06                 	5.3347346574e-06                 	1.4470674460e-06                 	7.8662493775e-01                 	6.2603399921e-01                 
1.2400000000e+00	5.0670849251e+01	6.7946322294e-06                 	5.3569796166e-06                 	1.4376526128e-06                 	7.8841347636e-01                 	6.2466537432e-01                 
1.2920000000e+00	4.8631465226e+01	6.8055872831e-06                 	5.3777497340e-06                 	1.4278375491e-06                 	7.9019627702e-01                 	6.2322035323e-01                 
1.3480000000e+00	4.6611166967e+01	6.8181687911e-06                 	5.3977801956e-06                 	1.4203885954e-06                 	7.9167594130e-01                 	6.2205543638e-01                 
1.3780000000e+00	4.5596410067e+01	6.8253453406e-06                 	5.4107010530e-06                 	1.4146442876e-06                 	7.9273659910e-01                 	6.2126584833e-01                 
1.4420000000e+00	4.3572713642e+01	6.8428354326e-06                 	5.4356129104e-06                 	1.4072225223e-06                 	7.9435096224e-01                 	6.2016282236e-01                 
1.5120000000e+00	4.1555458381e+01	6.8627795748e-06                 	5.4834487383e-06                 	1.3793308366e-06                 	7.9901280210e-01                 	6.1700499902e-01                 
1.5900000000e+00	3.9516888724e+01	6.8826072515e-06                 	5.5480696595e-06                 	1.3345375920e-06                 	8.0609999332e-01                 	6.1228758624e-01                 
1.6750000000e+00	3.7511554073e+01	6.8981913378e-06                 	5.6192184145e-06                 	1.2789729232e-06                 	8.1459300553e-01                 	6.0671317105e-01                 
1.7710000000e+00	3.5478177906e+01	6.9111615840e-06                 	5.6907063504e-06                 	1.2204552336e-06                 	8.2340808867e-01                 	6.0108806011e-01                 
1.8790000000e+00	3.3438985137e+01	6.9208311239e-06                 	5.7720382249e-06                 	1.1487928990e-06                 	8.3400940170e-01                 	5.9457413953e-01                 
2.0000000000e+00	3.1415926536e+01	6.9226162829e-06                 	5.8350926945e-06                 	1.0875235885e-06                 	8.4290280668e-01                 	5.8899741142e-01                 
2.1380000000e+00	2.9388144561e+01	6.9277216159e-06                 	5.8976899044e-06                 	1.0300317115e-06                 	8.5131739284e-01                 	5.8398004424e-01                 
2.2960000000e+00	2.7365789665e+01	6.9338545628e-06                 	5.9781333567e-06                 	9.5572120607e-07                 	8.6216595727e-01                 	5.7796768854e-01                 
2.4800000000e+00	2.5335424626e+01	6.9332790908e-06                 	6.0654327747e-06                 	8.6784631616e-07                 	8.7482887898e-01                 	5.7108536461e-01                 
2.6950000000e+00	2.3314231195e+01	6.9268717748e-06                 	6.1559657772e-06                 	7.7090599766e-07                 	8.8870791568e-01                 	5.6371271136e-01                 
2.9520000000e+00	2.1284503073e+01	6.9151686587e-06                 	6.2647003913e-06                 	6.5046826737e-07                 	9.0593602275e-01                 	5.5506125716e-01                 
3.2630000000e+00	1.9255854450e+01	6.8792073057e-06                 	6.3906909264e-06                 	4.8851637924e-07                 	9.2898653035e-01                 	5.4364972109e-01                 
3.6470000000e+00	1.7228366622e+01	6.8222946740e-06                 	6.4735615845e-06                 	3.4873308947e-07                 	9.4888331476e-01                 	5.3269667772e-01                 
4.1330000000e+00	1.5202480782e+01	6.7716677487e-06                 	6.4990134803e-06                 	2.7265426841e-07                 	9.5973602390e-01                 	5.2461690985e-01                 
4.7690000000e+00	1.3175058308e+01	6.7390906088e-06                 	6.5020983782e-06                 	2.3699223064e-07                 	9.6483320311e-01                 	5.1833806947e-01                 
5.6360000000e+00	1.1148306081e+01	6.7240434239e-06                 	6.5041707375e-06                 	2.1987268638e-07                 	9.6730052551e-01                 	5.1229339784e-01                 
6.8880000000e+00	9.1219298885e+00	6.7269365286e-06                 	6.4979420021e-06                 	2.2899452653e-07                 	9.6595857185e-01                 	5.0565714078e-01                 
8.8560000000e+00	7.0948343577e+00	6.7930232613e-06                 	6.4782479404e-06                 	3.1477532091e-07                 	9.5366196923e-01                 	4.9956547281e-01                 
1.2400000000e+01	5.0670849251e+00	6.8909924196e-06                 	6.6565005184e-06                 	2.3449190118e-07                 	9.6597124378e-01                 	4.7477473760e-01                 
1.3780000000e+01	4.5596410067e+00	6.8815788828e-06                 	6.6908679426e-06                 	1.9071094025e-07                 	9.7228674647e-01                 	4.6208297055e-01                 
1.5500000000e+01	4.0536679401e+00	6.9062922279e-06                 	6.7586175865e-06                 	1.4767464137e-07                 	9.7861737724e-01                 	4.4731721573e-01                 
2.0660000000e+01	3.0412319977e+00	6.9827603015e-06                 	6.8529025995e-06                 	1.2985770196e-07                 	9.8140309901e-01                 	4.0245828630e-01                 
2.1335780000e+01	2.9449053689e+00	6.9774186669e-06                 	6.8474933602e-06                 	1.2992530669e-07                 	9.8137917289e-01                 	3.9778048599e-01                 
2.2033660000e+01	2.8516303270e+00	6.9608302369e-06                 	6.8311563490e-06                 	1.2967388788e-07                 	9.8137091648e-01                 	3.9104357717e-01                 
2.2754370000e+01	2.7613092813e+00	6.9415219654e-06                 	6.8123814451e-06                 	1.2914052025e-07                 	9.8139593581e-01                 	3.8187445987e-01                 
2.3498660000e+01	2.6738483416e+00	6.9293744434e-06                 	6.8008979542e-06                 	1.2847648920e-07                 	9.8145915042e-01                 	3.7059615458e-01                 
2.4267290000e+01	2.5891582073e+00	6.9320042705e-06                 	6.8041191604e-06                 	1.2788511012e-07                 	9.8155149577e-01                 	3.5811543750e-01                 
2.5061060000e+01	2.5071506581e+00	6.9523513999e-06                 	6.8248021048e-06                 	1.2754929516e-07                 	9.8165379052e-01                 	3.4559968803e-01                 
2.5880790000e+01	2.4277409257e+00	6.9881242652e-06                 	6.8605461046e-06                 	1.2757816055e-07                 	9.8174357586e-01                 	3.3410129080e-01                 
2.6727340000e+01	2.3508457284e+00	7.0327782540e-06                 	6.9047925532e-06                 	1.2798570086e-07                 	9.8180154468e-01                 	3.2428174979e-01                 
2.7601580000e+01	2.2763861008e+00	7.0772948616e-06                 	6.9485985665e-06                 	1.2869629507e-07                 	9.8181560927e-01                 	3.1629737013e-01                 
2.8504410000e+01	2.2042853394e+00	7.1121736887e-06                 	6.9826059953e-06                 	1.2956769335e-07                 	9.8178226531e-01                 	3.0981631867e-01                 
2.9436780000e+01	2.1344675971e+00	7.1293171727e-06                 	6.9988949340e-06                 	1.3042223869e-07                 	9.8170620895e-01                 	3.0410839487e-01                 
3.0399640000e+01	2.0668617481e+00	7.1236283544e-06                 	6.9925462338e-06                 	1.3108212068e-07                 	9.8159896696e-01                 	2.9816514894e-01                 
3.1394000000e+01	2.0013968616e+00	7.0941220811e-06                 	6.9627181408e-06                 	1.3140394029e-07                 	9.8147706809e-01                 	2.9083542900e-01                 
3.2420880000e+01	1.9380057874e+00	7.0442871690e-06                 	6.9129799475e-06                 	1.3130722149e-07                 	9.8135975744e-01                 	2.8097974803e-01                 
3.3481350000e+01	1.8766224502e+00	6.9815170356e-06                 	6.8507272686e-06                 	1.3078976701e-07                 	9.8126628262e-01                 	2.6763979783e-01                 
3.4576510000e+01	1.8171831996e+00	6.9156760885e-06                 	6.7857499457e-06                 	1.2992614281e-07                 	9.8121280680e-01                 	2.5020324454e-01                 
3.5707490000e+01	1.7596267078e+00	6.8571748080e-06                 	6.7283259058e-06                 	1.2884890224e-07                 	9.8120962264e-01                 	2.2852360587e-01                 
3.6875470000e+01	1.7038929422e+00	6.8150993083e-06                 	6.6873794127e-06                 	1.2771989553e-07                 	9.8125927595e-01                 	2.0295299111e-01                 
3.8081650000e+01	1.6499246506e+00	6.7958661030e-06                 	6.6691661256e-06                 	1.2669997738e-07                 	9.8135631640e-01                 	1.7427034282e-01                 
3.9327280000e+01	1.5976658714e+00	6.8026002273e-06                 	6.6766750619e-06                 	1.2592516539e-07                 	9.8148867180e-01                 	1.4352304155e-01                 
4.0613650000e+01	1.5470624549e+00	6.8351647223e-06                 	6.7096718893e-06                 	1.2549283300e-07                 	9.8164011577e-01                 	1.1183520700e-01                 
4.1942110000e+01	1.4980613296e+00	6.8906039678e-06                 	6.7651469167e-06                 	1.2545705112e-07                 	9.8179302544e-01                 	8.0237899251e-02                 
4.3314010000e+01	1.4506127018e+00	6.9637469199e-06                 	6.8379164356e-06                 	1.2583048426e-07                 	9.8193063509e-01                 	4.9560519746e-02                 
4.4730790000e+01	1.4046667423e+00	7.0478057402e-06                 	6.9212158540e-06                 	1.2658988620e-07                 	9.8203839736e-01                 	2.0385747200e-02                 
4.6193920000e+01	1.3601758212e+00	7.1348782307e-06                 	7.0071961395e-06                 	1.2768209112e-07                 	9.8210451714e-01                 	-6.9389120030e-03                
4.7704900000e+01	1.3170943251e+00	7.2163605233e-06                 	7.0873304982e-06                 	1.2903002510e-07                 	9.8211979228e-01                 	-3.2260444970e-02                
4.9265300000e+01	1.2753774578e+00	7.2833102946e-06                 	7.1527724318e-06                 	1.3053786278e-07                 	9.8207712462e-01                 	-5.5569596835e-02                
5.0876750000e+01	1.2349816581e+00	7.3268061842e-06                 	7.1947102126e-06                 	1.3209597156e-07                 	9.8197086585e-01                 	-7.6951656878e-02                
5.2540900000e+01	1.1958655651e+00	7.3383508427e-06                 	7.2047649275e-06                 	1.3358591518e-07                 	9.8179619399e-01                 	-9.6546016410e-02                
5.4259490000e+01	1.1579882721e+00	7.3103398385e-06                 	7.1754537012e-06                 	1.3488613730e-07                 	9.8154858183e-01                 	-1.1451770340e-01                
5.6034290000e+01	1.1213107737e+00	7.2365783039e-06                 	7.1006996588e-06                 	1.3587864511e-07                 	9.8122335731e-01                 	-1.3103682240e-01                
5.7867140000e+01	1.0857950310e+00	7.1128017286e-06                 	6.9763446051e-06                 	1.3645712354e-07                 	9.8081527804e-01                 	-1.4626675632e-01                
5.9759950000e+01	1.0514040435e+00	6.9371199606e-06                 	6.8005864615e-06                 	1.3653349907e-07                 	9.8031841746e-01                 	-1.6035741519e-01                
6.1714670000e+01	1.0181023908e+00	6.7103043751e-06                 	6.5742582844e-06                 	1.3604609065e-07                 	9.7972579438e-01                 	-1.7344194136e-01                
6.3733320000e+01	9.8585564147e-01	6.4358293999e-06                 	6.3008658271e-06                 	1.3496357277e-07                 	9.7902934270e-01                 	-1.8563633257e-01                
6.5818010000e+01	9.5463009398e-01	6.1196347203e-06                 	5.9863467666e-06                 	1.3328795373e-07                 	9.7821962260e-01                 	-1.9704021237e-01                
6.7970890000e+01	9.2439356130e-01	5.7696342140e-06                 	5.6385813602e-06                 	1.3105285381e-07                 	9.7728576042e-01                 	-2.0773801471e-01                
7.0194180000e+01	8.9511485243e-01	5.3950211534e-06                 	5.2667026045e-06                 	1.2831854889e-07                 	9.7621537613e-01                 	-2.1780098264e-01                
7.2490200000e+01	8.6676341177e-01	5.0054879163e-06                 	4.8803220901e-06                 	1.2516582622e-07                 	9.7499428062e-01                 	-2.2728909549e-01                
7.4861320000e+01	8.3930998107e-01	4.6104904566e-06                 	4.4888033010e-06                 	1.2168715567e-07                 	9.7360646187e-01                 	-2.3625263110e-01                
7.7309990000e+01	8.1272618289e-01	4.2186292670e-06                 	4.1006506803e-06                 	1.1797858671e-07                 	9.7203390503e-01                 	-2.4473390456e-01                
7.9838770000e+01	7.8698423174e-01	3.8372181762e-06                 	3.7230855270e-06                 	1.1413264924e-07                 	9.7025640868e-01                 	-2.5276876531e-01                
8.2450250000e+01	7.6205776298e-01	3.4720718665e-06                 	3.3618388802e-06                 	1.1023298639e-07                 	9.6825152513e-01                 	-2.6038755462e-01                
8.5147160000e+01	7.3792071364e-01	3.1274460413e-06                 	3.0210948949e-06                 	1.0635114635e-07                 	9.6599425060e-01                 	-2.6761645972e-01                
8.7932280000e+01	7.1454820769e-01	2.8061450967e-06                 	2.7035999367e-06                 	1.0254515994e-07                 	9.6345692884e-01                 	-2.7447809395e-01                
9.0808510000e+01	6.9191591264e-01	2.5096964520e-06                 	2.4108372330e-06                 	9.8859218946e-08                 	9.6060909324e-01                 	-2.8099238605e-01                
9.3778810000e+01	6.7000053713e-01	2.2385845273e-06                 	2.1432597412e-06                 	9.5324786148e-08                 	9.5741738363e-01                 	-2.8717699808e-01                
9.6846270000e+01	6.4877927742e-01	1.9924789419e-06                 	1.9005166391e-06                 	9.1962302784e-08                 	9.5384528245e-01                 	-2.9304791523e-01                
1.0001410000e+02	6.2822995029e-01	1.7704563173e-06                 	1.6816731552e-06                 	8.8783162152e-08                 	9.4985294961e-01                 	-2.9861977441e-01                
1.0328550000e+02	6.0833178977e-01	1.5711983210e-06                 	1.4854069251e-06                 	8.5791395859e-08                 	9.4539747484e-01                 	-3.0390592175e-01                
1.0666390000e+02	5.8906390139e-01	1.3931312105e-06                 	1.3101458364e-06                 	8.2985374151e-08                 	9.4043247791e-01                 	-3.0891904694e-01                
1.1015280000e+02	5.7040631806e-01	1.2345592972e-06                 	1.1541996391e-06                 	8.0359658121e-08                 	9.3490822328e-01                 	-3.1367103965e-01                
1.1375590000e+02	5.5233929029e-01	1.0937490531e-06                 	1.0158431634e-06                 	7.7905889669e-08                 	9.2877169635e-01                 	-3.1817331562e-01                
1.1747680000e+02	5.3484477847e-01	9.6900520058e-07                 	8.9339115193e-07                 	7.5614048641e-08                 	9.2196734486e-01                 	-3.2243653330e-01                
1.2131940000e+02	5.1790441654e-01	8.5869818747e-07                 	7.8522511678e-07                 	7.3473070686e-08                 	9.1443667664e-01                 	-3.2647115246e-01                
1.2528770000e+02	5.0150057086e-01	7.6130024212e-07                 	6.8982861316e-07                 	7.1471628962e-08                 	9.0611899878e-01                 	-3.3028721068e-01                
1.2938580000e+02	4.8561629693e-01	6.7539939751e-07                 	6.0580109589e-07                 	6.9598301620e-08                 	8.9695237829e-01                 	-3.3389439236e-01                
1.3361790000e+02	4.7023529835e-01	5.9970540943e-07                 	5.3186331591e-07                 	6.7842093522e-08                 	8.8687430119e-01                 	-3.3730202799e-01                
1.3798850000e+02	4.5534122823e-01	5.3304666192e-07                 	4.6685413275e-07                 	6.6192529168e-08                 	8.7582226117e-01                 	-3.4051927520e-01                
1.4250200000e+02	4.4091909638e-01	4.7437274852e-07                 	4.0973292932e-07                 	6.4639819200e-08                 	8.6373622979e-01                 	-3.4355481735e-01                
1.4716320000e+02	4.2695356632e-01	4.2274043388e-07                 	3.5956561565e-07                 	6.3174818238e-08                 	8.5055884611e-01                 	-3.4641723180e-01                
1.5197680000e+02	4.1343055698e-01	3.7731229907e-07                 	3.1552314535e-07                 	6.1789153726e-08                 	8.3623869702e-01                 	-3.4911465338e-01                
1.5694790000e+02	4.0033573607e-01	3.3734274927e-07                 	2.7686746593e-07                 	6.0475283346e-08                 	8.2073044856e-01                 	-3.5165506493e-01                
1.6208160000e+02	3.8765568129e-01	3.0217308155e-07                 	2.4294684870e-07                 	5.9226232851e-08                 	8.0399897785e-01                 	-3.5404609250e-01                
1.6738320000e+02	3.7537729636e-01	2.7122123359e-07                 	2.1318545288e-07                 	5.8035780710e-08                 	7.8602051196e-01                 	-3.5629509665e-01                
1.7285820000e+02	3.6348783611e-01	2.4397386606e-07                 	1.8707552166e-07                 	5.6898344408e-08                 	7.6678508512e-01                 	-3.5840917870e-01                
1.7851240000e+02	3.5197472597e-01	2.1997852061e-07                 	1.6416966311e-07                 	5.5808857495e-08                 	7.4629860524e-01                 	-3.6039518377e-01                
1.8435140000e+02	3.4082655771e-01	1.9883884789e-07                 	1.4407593595e-07                 	5.4762911937e-08                 	7.2458645522e-01                 	-3.6225957603e-01                
1.9038150000e+02	3.3003129543e-01	1.8020465675e-07                 	1.2644818948e-07                 	5.3756467271e-08                 	7.0169213027e-01                 	-3.6400869633e-01                
1.9660870000e+02	3.1957819299e-01	1.6376999171e-07                 	1.1098400368e-07                 	5.2785988029e-08                 	6.7768217193e-01                 	-3.6564847908e-01                
2.0303970000e+02	3.0945599837e-01	1.4926503553e-07                 	9.7416722712e-08                 	5.1848312822e-08                 	6.5264261227e-01                 	-3.6718472051e-01                
2.0968100000e+02	2.9965448978e-01	1.3645395219e-07                 	8.5513359381e-08                 	5.0940592811e-08                 	6.2668290663e-01                 	-3.6862286493e-01                
2.1653960000e+02	2.9016333766e-01	1.2512940924e-07                 	7.5069035299e-08                 	5.0060373938e-08                 	5.9993118929e-01                 	-3.6996815325e-01                
2.2362250000e+02	2.8097285860e-01	1.1510989417e-07                 	6.5904457170e-08                 	4.9205437004e-08                 	5.7253512084e-01                 	-3.7122554647e-01                
2.3093710000e+02	2.7207344802e-01	1.0623602902e-07                 	5.7862189898e-08                 	4.8373839126e-08                 	5.4465693447e-01                 	-3.7239979394e-01                
2.3849090000e+02	2.6345597703e-01	9.8368196205e-08                 	5.0804363990e-08                 	4.7563832215e-08                 	5.1647144047e-01                 	-3.7349538782e-01                
2.4629190000e+02	2.5511132551e-01	9.1383763093e-08                 	4.4609893299e-08                 	4.6773869794e-08                 	4.8815995084e-01                 	-3.7451663304e-01                
2.5434800000e+02	2.4703104830e-01	8.5175536492e-08                 	3.9172908191e-08                 	4.6002628301e-08                 	4.5990797129e-01                 	-3.7546756100e-01                
2.6266760000e+02	2.3920671248e-01	7.9649248609e-08                 	3.4400405190e-08                 	4.5248843420e-08                 	4.3189867815e-01                 	-3.7635203511e-01                
2.7125930000e+02	2.3163022640e-01	7.4722356075e-08                 	3.0210891338e-08                 	4.4511464737e-08                 	4.0430860221e-01                 	-3.7717370638e-01                
2.8013200000e+02	2.2429373678e-01	7.0322452707e-08                 	2.6532900120e-08                 	4.3789552587e-08                 	3.7730339456e-01                 	-3.7793602101e-01                
2.8929500000e+02	2.1718955762e-01	6.6385946682e-08                 	2.3303728693e-08                 	4.3082217990e-08                 	3.5103406454e-01                 	-3.7864226593e-01                
2.9875770000e+02	2.1031040563e-01	6.2857206133e-08                 	2.0468460546e-08                 	4.2388745587e-08                 	3.2563427179e-01                 	-3.7929551397e-01                
3.0852990000e+02	2.0364915385e-01	5.9687320715e-08                 	1.7978895929e-08                 	4.1708424785e-08                 	3.0121800935e-01                 	-3.7989869146e-01                
3.1862180000e+02	1.9719885165e-01	5.6833419525e-08                 	1.5792740973e-08                 	4.1040678553e-08                 	2.7787771886e-01                 	-3.8045455846e-01                
3.2904380000e+02	1.9095285513e-01	5.4257895833e-08                 	1.3872924365e-08                 	4.0384971469e-08                 	2.5568489437e-01                 	-3.8096570991e-01                
3.3980660000e+02	1.8490474603e-01	5.1927695786e-08                 	1.2186924009e-08                 	3.9740771777e-08                 	2.3469025199e-01                 	-3.8143459763e-01                
3.5092160000e+02	1.7904812092e-01	4.9813846115e-08                 	1.0706156054e-08                 	3.9107690061e-08                 	2.1492329722e-01                 	-3.8186353845e-01                
3.6240000000e+02	1.7337707801e-01	4.7890925609e-08                 	9.4056138950e-09                 	3.8485311714e-08                 	1.9639657775e-01                 	-3.8225470639e-01                
3.7425400000e+02	1.6788558859e-01	4.6136556133e-08                 	8.2632802818e-09                 	3.7873275851e-08                 	1.7910483518e-01                 	-3.8261015642e-01                
3.8649560000e+02	1.6256809410e-01	4.4531150864e-08                 	7.2598913198e-09                 	3.7271259544e-08                 	1.6302950135e-01                 	-3.8293181137e-01                
3.9913770000e+02	1.5741898866e-01	4.3057465575e-08                 	6.3784958903e-09                 	3.6678969685e-08                 	1.4813913929e-01                 	-3.8322148991e-01                
4.1219330000e+02	1.5243298004e-01	4.1700397040e-08                 	5.6042395535e-09                 	3.6096157487e-08                 	1.3439295430e-01                 	-3.8348090071e-01                
4.2567590000e+02	1.4760491038e-01	4.0446610124e-08                 	4.9240760987e-09                 	3.5522534025e-08                 	1.2174261535e-01                 	-3.8371163978e-01                
4.3959960000e+02	1.4292973213e-01	3.9284455306e-08                 	4.3265455432e-09                 	3.4957909763e-08                 	1.1013377962e-01                 	-3.8391521476e-01                
4.5397870000e+02	1.3840264548e-01	3.8203639235e-08                 	3.8015976785e-09                 	3.4402041557e-08                 	9.9508783839e-02                 	-3.8409303772e-01                
4.6882810000e+02	1.3401895721e-01	3.7195162428e-08                 	3.3404022111e-09                 	3.3854760216e-08                 	8.9807437125e-02                 	-3.8424643545e-01                
4.8416330000e+02	1.2977409290e-01	3.6251071951e-08                 	2.9352028010e-09                 	3.3315869150e-08                 	8.0968717420e-02                 	-3.8437664807e-01                
5.0000000000e+02	1.2566370614e-01	3.5364396234e-08                 	2.5791960555e-09                 	3.2785200179e-08                 	7.2931997437e-02                 	-3.8448483762e-01                
